[STATE]
ORIENT=3 2400.000000 30.000000 30.000000 0.000000
ZOOMPAN=137 78 1228 706
ZOOMWINDOW=375.050368 0.000000 439.380067 0.000000
LABELS=010000110011100000011111000001000010110000
SCALES1=0.285507
SCALES2=0.003626
SCALES3=0.100000
SCALES4=4.999988
SCALES5=0.050000
SCALES6=200.000151
SCALES7=5.080008
SCALES8=0.285507
SCALES9=0.285507
SCALES10=4.999999
SCALES11=1.000002
SCALES12=0.002540
SCALES13=3.683955
SCALES14=0.100000
SCALES15=0.200000
SCALES16=3.000000
SCALES17=3.000000
