[STATE]
ORIENT=3 2400.000000 0.000000 0.000000 0.000000
ZOOMPAN=134 109 905 681
ZOOMWINDOW=472.440948 0.000000 0.010000 -0.010000
LABELS=010000110011100000011111000001000010110000
SCALES1=0.285507
SCALES2=0.003626
SCALES3=0.100000
SCALES4=4.999990
SCALES5=0.050000
SCALES6=200.000107
SCALES7=5.080000
SCALES8=0.285507
SCALES9=1.142029
SCALES10=4.999999
SCALES11=1.000001
SCALES12=1.000001
SCALES13=4.999990
SCALES14=0.100000
SCALES15=0.200000
SCALES16=3.000000
SCALES17=3.000000
