[STATE]
ORIENT=3 2400.000000 0.000000 0.000000 0.000000
ZOOMPAN=104 79 935 711
ZOOMWINDOW=314.960785 0.000000 0.000000 -118.110397
LABELS=010000110001000000011111000001000010110000
SCALES1=0.142754
SCALES2=0.005439
SCALES3=0.100000
SCALES4=4.999988
SCALES5=0.050000
SCALES6=12.699997
SCALES7=12.699997
SCALES8=0.856522
SCALES9=0.856522
SCALES10=4.999999
SCALES11=1.000002
SCALES12=0.000100
SCALES13=3.683955
SCALES14=0.100000
SCALES15=0.200000
SCALES16=3.000000
SCALES17=3.000000
