[STATE]
ORIENT=3 2400.000000 30.000000 30.000000 0.000000
ZOOMPAN=99 13 1590 820
ZOOMWINDOW=215.122217 0.000000 141.656703 -68.191010
LABELS=010000110001000000011111000001000010110000
SCALES1=0.209006
SCALES2=0.001221
SCALES3=0.100000
SCALES4=4.999999
SCALES5=0.050000
SCALES6=11.240447
SCALES7=11.240447
SCALES8=0.285507
SCALES9=0.285507
SCALES10=0.285507
SCALES11=11.240447
SCALES12=0.005000
SCALES13=0.000737
SCALES14=1.270000
SCALES15=0.200000
SCALES16=3.000000
SCALES17=3.000000
