[STATE]
ORIENT=3 2400.000000 0.000000 0.000000 0.000000
ZOOMPAN=34 9 1005 781
ZOOMWINDOW=590.549988 0.000000 0.000000 -157.480392
LABELS=010000110001000000011111000001000010110000
SCALES1=0.025378
SCALES2=0.038068
SCALES3=0.100000
SCALES4=4.999999
SCALES5=0.050000
SCALES6=112.404471
SCALES7=11.240447
SCALES8=0.285507
SCALES9=0.285507
SCALES10=4.999999
SCALES11=1.000000
SCALES12=0.005000
SCALES13=3.683955
SCALES14=0.100000
SCALES15=0.200000
SCALES16=3.000000
SCALES17=3.000000
